.Random.seed <-
c(403L, 46L, 1886072042L, 343237461L, -1485622033L, -788325642L, 
653714976L, 1937841123L, -775827327L, -1318129936L, -1925653106L, 
524718841L, -1452306293L, -1997154118L, -1718539332L, -1529196289L, 
-986811307L, 1671831404L, -610275390L, -148674531L, -412018537L, 
31983102L, -478800456L, -130942565L, 1028227065L, -718969016L, 
-1543191946L, 1521261489L, -1748605469L, -807200078L, 994006788L, 
1357900871L, 1754352413L, 845656468L, 882603322L, -1304163963L, 
-1761482145L, -617345818L, -997507216L, -1302052717L, -1810559695L, 
-421659680L, 1635895422L, -471682295L, 875812155L, 975284490L, 
-404629268L, -714955409L, 1139919525L, 923223132L, 1201013810L, 
-2100657363L, -1998652953L, -1799052018L, 1690434280L, -394070805L, 
1684721033L, 2115153176L, -1880723386L, -957802335L, -1215635661L, 
-1669222750L, 1167555988L, 787440663L, -807984115L, 670789924L, 
1421860106L, 1781496949L, 1952389071L, -1631602474L, 148789376L, 
1600104131L, -1522429855L, 1252409552L, 1620228654L, 306203609L, 
-160689173L, -801131942L, 1488512028L, 9609503L, -1637363339L, 
-1879453684L, 1710332386L, -740982083L, -1002488521L, 1452990942L, 
1746593560L, 1875127931L, 1010711577L, -1504047960L, 363849302L, 
2046165713L, 17822339L, -2086164206L, 1406536868L, -696746905L, 
-1937869379L, -324819148L, 1087722650L, 566434533L, 94536831L, 
-141615610L, 1426983312L, 877466675L, -800293935L, 813724032L, 
-222847906L, -1533015L, 2075370075L, -1155549590L, -410248436L, 
-2111828657L, 814962181L, 546692284L, -1401971310L, 1386485389L, 
-78533433L, 911542702L, -726551544L, 999827467L, -604504855L, 
856267704L, 64652390L, -435706623L, -1701010541L, -1002101694L, 
2038414324L, -804342281L, -1766684179L, 1297779332L, 581905578L, 
190675477L, 132245167L, -1947269962L, 1708413664L, 1874832931L, 
-388288191L, 1043582000L, 1401779790L, -1233419591L, 88471243L, 
-757264518L, -678250884L, -388369729L, 1801130901L, -202107988L, 
1510414722L, -2107187363L, 214757975L, 291486014L, -1926653576L, 
152203867L, -1581165127L, 1872439304L, 599218870L, -45624847L, 
1427818531L, -1053652878L, -908698940L, -1157223289L, -1426661283L, 
1776412244L, 971015290L, -1782992955L, -1748766433L, -342253402L, 
235094576L, -23217965L, -1467238671L, -2053335520L, -276496194L, 
1548027081L, -1368723845L, 266460234L, 920429740L, 1253442479L, 
168470373L, 1748598044L, 886850930L, -2132079123L, -1225309657L, 
-995798450L, 698963624L, 1585081515L, -1968632375L, -1348927016L, 
1725790342L, -2053462687L, 879728883L, -358119582L, -1187212844L, 
538113239L, 996292301L, 890748516L, -1338459062L, -2086004299L, 
-183229169L, -1227091434L, 1321848000L, 275778179L, -803342687L, 
-931710832L, 1927156590L, 1181818137L, -133034581L, -1863185510L, 
697443164L, 1644323423L, -798381515L, -2124672564L, 1250060578L, 
72133501L, -1399535497L, 1799429534L, 597857368L, 1926484411L, 
-1692719271L, -1006566168L, -1690391274L, -50721135L, 2062811971L, 
-730759598L, -1813229340L, 573104935L, -1967540355L, -1136584076L, 
-1650826150L, 638459045L, 691472063L, 1113288380L, -1423659180L, 
-626131390L, 778813344L, 1466195132L, -1977814576L, -639270558L, 
122111976L, -2002740276L, -1165115652L, -585522190L, 1732260992L, 
-909008652L, 735629448L, -1637584582L, -615165104L, -467967892L, 
101399700L, -1791711918L, -761249056L, -1725256500L, 1244015776L, 
998034818L, 1772551400L, -383644436L, -863016900L, -861602702L, 
532282480L, 1079288356L, -807225800L, 1658241562L, -1926622000L, 
1235076668L, 1127616660L, -1717166974L, 953834432L, -2010918596L, 
247488144L, -1961839582L, 1692098568L, 742401164L, 816776220L, 
910479506L, -378862464L, -2010805228L, 32159528L, 959297594L, 
-1460197168L, 324675692L, 1776058036L, -240645102L, 158954464L, 
1164256204L, 413594080L, 397879330L, -736131800L, -1295429364L, 
1532609084L, -1193400078L, 183053552L, 1622169412L, -541193128L, 
-145398214L, -1592717072L, 1257612988L, -1232829932L, 702229698L, 
1398340192L, 1828954492L, -734401328L, -2061096926L, -1140718424L, 
1241600396L, -867954244L, -2121139150L, 576132928L, 711529140L, 
-875881144L, -1955223878L, 1365185296L, 1403435244L, 459021396L, 
-2042725614L, -30909024L, 962279372L, -856792224L, 1855098050L, 
357368360L, 1138372012L, -1554728132L, 467443570L, 1064984368L, 
1957966884L, 813003320L, -860297510L, 843862928L, 1475528956L, 
-758857324L, 1742541634L, 1552980480L, 1779684412L, -1046635952L, 
-212192094L, -1546537144L, -133308916L, 674721500L, 1831161938L, 
287588480L, -950441132L, 1256182760L, 1386955514L, -1385844912L, 
-599855060L, -1977015948L, -39779694L, -1699261856L, -1834085236L, 
-1066490528L, -1214650142L, -717967192L, 1903971020L, 1773352444L, 
-118136910L, 1904216048L, 502703556L, 1602459992L, -120392326L, 
-763603536L, 476395964L, -1917924780L, 474475970L, 1327438624L, 
897633212L, -833395632L, -1962520606L, -782970008L, 1634568012L, 
1947413244L, 1619786482L, 1124208896L, -1599572876L, 104761864L, 
1807899066L, 659515856L, 1054870508L, 604052L, 1167973586L, -877459360L, 
-1107046068L, -1230981344L, -785425790L, -500127256L, 1658418156L, 
48614972L, 1170106994L, 174010224L, -53378780L, 1532751416L, 
-663937638L, -2139290160L, 1002267068L, 1125323412L, -624925054L, 
1084322240L, 158166844L, 1595582096L, -1392315614L, 1910474248L, 
-1841891572L, -2127636580L, -582627310L, -1216339072L, 531713812L, 
-1106728664L, 2122887226L, -813021232L, 949504620L, 1333861428L, 
-1495694190L, 1106029920L, 686068044L, -2128512544L, -1085165662L, 
1280692136L, 1856677004L, 648258492L, 576780402L, 555279344L, 
-1636376508L, -1762982824L, 531046458L, -420749200L, -717770180L, 
1709325076L, -173007166L, 965668576L, 1184846972L, -491953968L, 
-2131209310L, 1194770984L, 687949068L, -521892932L, -1437301454L, 
1241423040L, 155766324L, -1580419384L, -128461126L, 2058920080L, 
2115373804L, -621315500L, -1006518638L, -1076397280L, 1825868748L, 
-350311200L, -1404900670L, 855388200L, -128889940L, 1409256124L, 
331494898L, 983041584L, -1404006492L, -67807816L, -929136806L, 
1650845840L, -577508484L, -1407966444L, 799338818L, -1690193670L, 
-2015530184L, 320319713L, 1523917715L, -928495692L, -1642857278L, 
1612992727L, 1540926753L, 611065062L, -966755868L, 546157845L, 
190467391L, 1945641176L, 702333174L, 637098755L, -1094423483L, 
1233863778L, 881095632L, 1597044985L, -2072128981L, 548429212L, 
1311008202L, -24291649L, 788781065L, 701778206L, -196850484L, 
1708165277L, 1906961703L, -599105712L, -1919168018L, -1232439653L, 
-101394179L, -496910358L, 108390536L, 1670231601L, 2100981923L, 
1395827876L, 204424530L, 1270616231L, 354157809L, -1802693578L, 
1673362644L, -1040678811L, -1626797457L, 119153832L, 794141190L, 
-1738521805L, -1999030379L, -241691662L, 475605056L, 277199273L, 
355899419L, -1164237332L, 1769862650L, -2129788369L, -453530055L, 
887797838L, 1505263772L, 548594189L, 992009847L, -348653952L, 
-298543906L, 1612523435L, -964581203L, -1822405350L, -1583060520L, 
-302927295L, 743352563L, -1917876460L, -820875614L, 633841591L, 
-884280447L, -500309626L, -1561259068L, 1108500213L, 1094069087L, 
-1301801544L, -1053135722L, 629367459L, 640091237L, -1853967998L, 
1108880112L, 1983700633L, -883654005L, -349346948L, -2042071638L, 
-1150763553L, 1707494249L, -1588565122L, -415267988L, -1227094083L, 
64697479L, -959575952L, 404509454L, 1101332539L, 1928982301L, 
-2041422390L, -1934067992L, -2005296687L, 1572703171L, -1076214588L, 
-454173838L, 1158047303L, -77523439L, 1073665942L, 964037364L, 
-1279861627L, 1681932751L, 136631496L, 1981347174L, -1520506989L, 
-1122072331L, 1584488658L, -1633759456L, 2014424841L, -326682565L, 
253783436L, -2107562982L, 535214223L, -2127638567L, -1722470290L, 
1885746172L, 656286061L, 308443927L, -1117607200L, 1203935422L, 
450328203L, -1171944179L, -35872454L, -1058172552L, -520985823L, 
1575973843L, -1539106060L, -1908788350L, 397148695L, -690048799L, 
-1945264602L, 1177597732L, -1428023339L, 397692799L, 250993176L, 
106084662L, -1162360893L, 1896621573L, -1457453662L, 348473744L, 
