.Random.seed <-
c(403L, 10L, -1197024743L, 771310251L, -593258854L, 500089436L, 
-2142077089L, 648417589L, 293023948L, 1671469602L, 1024119933L, 
1942056311L, 1271513758L, 1444417880L, -1903032133L, 1023186521L, 
-1098594840L, -378748906L, 204581777L, -284617661L, -462116014L, 
1212411876L, 790310439L, 1825023613L, 1873049460L, -1048712358L, 
1641528741L, 791771583L, 450048582L, -1520754480L, -1617855757L, 
-1199375343L, 784599616L, 419319326L, -1615099671L, 2052180507L, 
-780895702L, -114987700L, -1082052849L, 1182921285L, -1371384836L, 
1757252178L, 1958475725L, -1912413817L, -51104658L, -1969001400L, 
-1497033141L, -1984025687L, 466264824L, 124470822L, 1586831169L, 
576038099L, 43526274L, -1550727500L, 1999266359L, -1494914771L, 
-1683944892L, -893962390L, 1188438997L, 67384687L, 117403766L, 
1021369248L, -426754973L, -1968944895L, -1482767248L, -1012441074L, 
-990101383L, 1293254667L, 1217466682L, -1690005444L, -1784899713L, 
444050645L, -1221750548L, 1924663874L, 286576029L, 1010694167L, 
-1374651010L, -1193598152L, -1550435301L, -1933015687L, -1779092536L, 
711868406L, -1143078351L, -247778205L, 1642495026L, 1618303364L, 
-670130233L, -2060627299L, 835097108L, -1422548806L, -1215804155L, 
1470969567L, 1822767974L, -1080124688L, 1791928851L, 1286292401L, 
-895390112L, 1484823550L, 1018012553L, -75152197L, -562782070L, 
-130079892L, -746100497L, 1601397541L, 230960604L, 483376050L, 
-440261971L, 166828647L, -871323250L, -1217593752L, 415566443L, 
-220240887L, 1516190360L, -227410490L, 2070469921L, 2120863155L, 
859064610L, 1552048916L, -1064436841L, -246520947L, 397876900L, 
-143060854L, -194750731L, 1218767183L, -869480874L, -1354433280L, 
-1158870973L, -779834399L, 530264912L, 1316988334L, -1788040359L, 
-1133100693L, -2025428774L, 83935644L, 1850142111L, 1040400373L, 
-593138036L, -1598567582L, -1471159491L, 707892151L, 2049497182L, 
1651447192L, -959815429L, -200844135L, -715932376L, 1539279830L, 
-1105915823L, 184951555L, -1237871982L, -1191075804L, 1401327335L, 
1371923261L, 1830050740L, -1526380518L, -2096399515L, 1562191359L, 
-2078152570L, 490443792L, -277592397L, 2106881361L, -363434752L, 
1198880734L, -1085459415L, 1143378907L, -107018006L, 1323746956L, 
-380814897L, -764105339L, -180660676L, -1206666478L, 1939150861L, 
763079495L, -1307066066L, -1187796856L, -18567797L, -114780823L, 
-1936214216L, 709769702L, -1495794303L, -468209389L, 275648194L, 
499984756L, 2047496567L, 1194443373L, 1039453444L, -489920470L, 
159720853L, 1316440623L, 465049398L, 392496992L, -1057059421L, 
1569744577L, -585310544L, -417211954L, 359492921L, 1241301323L, 
-2113420550L, 1862226940L, 353621055L, -1767871211L, -102607316L, 
-1847641342L, -316512291L, 1036047063L, -1299190338L, -897234952L, 
-783563813L, -1177534919L, 1467877256L, 1211143990L, -1258142351L, 
1474953123L, 1346791154L, -989376956L, -2128408313L, 1929046237L, 
-421003820L, -2029154054L, -790534075L, -470273889L, 1910159910L, 
-547688784L, -851078317L, -146063759L, -1868282976L, -2128854210L, 
-691213751L, -2083635461L, -743579958L, 1619823036L, 2081334066L, 
505825984L, 914811956L, 415940296L, 555087034L, -1153853808L, 
1466478316L, -2016617900L, 1492550290L, -1340094176L, 1633259980L, 
1142276832L, 1365164226L, 126635048L, -178317396L, -636802372L, 
-2036016142L, 2114999856L, 1126797220L, -1656631880L, 513857370L, 
-1206431600L, -1420014724L, -353754860L, 460704066L, -887090944L, 
-287941188L, 1804476752L, -2045011678L, -1478485432L, 1078030348L, 
65971804L, 289147346L, 367212032L, -1395727020L, 756329704L, 
2100662522L, 1820272336L, 1672342316L, -1086574348L, -740107886L, 
579239264L, -10986484L, 1410383072L, -43732382L, -2073729880L, 
214301772L, -1286535300L, 923572530L, -974429584L, -1934040252L, 
-286112808L, -1452190854L, 2041157680L, -1455501380L, -265571756L, 
2136485954L, -1512591712L, 595116732L, 1622543312L, -1775551134L, 
1656377064L, -1962890036L, 494019068L, 1491353074L, -961911680L, 
-1583076876L, 1170197128L, 437771066L, 90377552L, 1448864876L, 
-884877932L, 1616142418L, 1117240800L, -469068596L, 1218789024L, 
-1198919294L, 1823205608L, 1589758700L, 2007311676L, -1792806798L, 
-1791749520L, 1415223844L, 2076764216L, -603993830L, -1797438256L, 
-689567428L, 86012820L, 850872194L, -1964635200L, -1158998468L, 
-674102896L, 141645858L, 34100488L, 111945868L, -2013303012L, 
-326462318L, 1377359232L, -39002092L, 1899448104L, 1299662394L, 
-593505840L, 782334316L, 2042610612L, 1813088786L, 278923232L, 
-1143084596L, -1100285728L, -880964574L, -700542168L, -1500349940L, 
-1383951556L, 1074900978L, -1348992272L, 2087213636L, 541965912L, 
-568264902L, -479277072L, -2091670852L, 236950804L, 992943298L, 
222084192L, -1235933828L, 1881219024L, -373165790L, -377809240L, 
1334204300L, 1961919676L, -970605774L, 754984512L, 1383097524L, 
-1779362744L, 1827165626L, 1083505168L, -1721025300L, 928325972L, 
360592146L, -38703712L, 1055546060L, 1960385120L, -1932677182L, 
811627304L, 608893356L, 1204518204L, 1476541298L, 1758031152L, 
-926603484L, -1766513352L, 1735509722L, -301269104L, -1296147716L, 
162143124L, 1939977282L, 252515584L, 828598332L, 1916853584L, 
1611220130L, 1459850056L, 902758156L, 1219804892L, 359444306L, 
983160448L, 1225103444L, 1274962920L, -652809478L, 249582928L, 
-1354154196L, -1158896780L, 515892114L, 1604932192L, -536217716L, 
779704160L, -1297284126L, 1287035816L, 1977584844L, 483686908L, 
-1303357518L, -1383307792L, 1156023748L, -576464552L, 148802938L, 
-599654992L, -1384340548L, -957206444L, 1791954882L, -1950703584L, 
273936572L, 276863568L, 473810914L, 1313848936L, -1573081524L, 
-2092330756L, 2055362546L, 464545024L, 178824052L, -1909334008L, 
-1089154630L, 789847504L, -1395895316L, 2045234068L, 1770707922L, 
1631856480L, -1892089524L, 642560288L, -2008092798L, -1862678808L, 
995416300L, 1664546364L, 354825074L, -741312912L, -91233244L, 
1667034936L, 1318516890L, 273477328L, -1640346436L, 1842948756L, 
-1972166014L, -826806080L, -1194515140L, 1631402128L, -536242654L, 
585953800L, -1562903284L, 247825052L, -1112328686L, 1725536640L, 
280417156L, -897514187L, 1544061727L, -971463048L, 737745750L, 
-41950749L, -1932167259L, -1087039934L, -583279568L, -394723239L, 
-1594004021L, -1801855428L, 353140842L, -1267516769L, 1588299561L, 
1501182910L, -1723749716L, 1955936253L, 1566981959L, -2004533200L, 
-1707243186L, -716058245L, -279468323L, 1400954634L, -343058904L, 
-1705378159L, -1140304253L, 163252100L, 1694268850L, 356446983L, 
-1305376431L, -1456615210L, 1729641908L, -1283909179L, 452942095L, 
263317384L, 2062784166L, -1202682285L, 398981045L, -39611118L, 
-1192579360L, 1962825L, 396062075L, 878880844L, 810299866L, 2062486479L, 
-608270951L, -612459090L, -879940932L, -899200211L, -676251433L, 
908869920L, -312981890L, 661393483L, 1951165005L, 818346106L, 
-1900394312L, -639669663L, -973221869L, -749076940L, 2114672706L, 
22009943L, 1102216097L, 2140699750L, 1821021284L, -1693012075L, 
-161232705L, 1137817688L, 1525017718L, -1791658877L, 1205523653L, 
-1222143518L, -100214704L, -1509938823L, 311275179L, 1982162460L, 
645861706L, 1754267967L, 1339287433L, -2004596834L, 487364172L, 
928653341L, -380112473L, -1623952176L, 1998976622L, 3592475L, 
-413449603L, 414816362L, 2049123592L, -602820175L, -1108130269L, 
486884132L, -1450531886L, -1644126169L, 396671601L, -860262218L, 
-78395308L, 931838181L, 1067078895L, 925308968L, 579808390L, 
-2018777421L, -1453053931L, -141374862L, 193697472L, -2069206231L, 
1761978779L, 1624682092L, -1235955078L, 1056887727L, -524892487L, 
311371982L, -191004132L, -1681503859L, -1790507017L, -1715500288L, 
406597982L, 17863211L, -1757151955L, 1559814554L, 381165400L, 
-1470351679L, 1267206515L, 799302292L, 13719330L, 1574564407L, 
-902768895L, -928625146L, 344912964L, 2128086389L, 1553123551L, 
-1675690952L, -1059120106L, -1589142493L, 1142934501L, 647429634L, 
1826575472L, -964681191L, -1841656821L, -1463382276L, 1793943338L, 
1114245471L, 33079529L, -781453314L, 1029913580L, -1977364675L, 
