.Random.seed <-
c(403L, 46L, -1558119682L, -47425911L, 2017255867L, 1149451146L, 
505430636L, -1032647697L, 1050924069L, 671706332L, 935199410L, 
-1589054035L, -726210201L, 171460238L, -1596510360L, -813729941L, 
-212602615L, 2016102296L, 1500208838L, -1881371615L, -1301567309L, 
386552354L, 1919878164L, 1382701207L, -1390232947L, 1683340196L, 
-775002742L, 1037115893L, -1131619249L, 1028512598L, -2129759744L, 
-301757629L, -1029928223L, -472057776L, 517740718L, 926727257L, 
1138846827L, -158932518L, 587016860L, -963902305L, -1580214539L, 
-392885364L, -908645790L, 1905323581L, -1589964617L, -1902342306L, 
-751005032L, 889119227L, 751156121L, 2067899432L, 1014641878L, 
1690190161L, -1608163325L, -2129336430L, -1493899996L, 1657498599L, 
-2049241027L, 2042642100L, -476310246L, 1880086117L, -638272769L, 
-163283066L, 1226936592L, 256983475L, 878557777L, 348080640L, 
-1907259682L, 1451576617L, -865423141L, -409483286L, 1911367564L, 
-1411901233L, -1726818171L, -1906021572L, -1366281710L, -1385256691L, 
1916883527L, -1938905042L, -34931320L, 1121035403L, -757637527L, 
-470015432L, -1426320666L, 1700834945L, 401740307L, -1867475518L, 
1605574260L, 649326711L, -1228951187L, 410895876L, 666031402L, 
460796565L, 1970280751L, 538156086L, 56342624L, 807931555L, -1868412479L, 
-11856464L, -785244978L, -1695770055L, -92677045L, 982679034L, 
-567478020L, 1421606207L, 89870869L, -939837140L, -1918027262L, 
1219606749L, 549182423L, -232585538L, 1625809144L, 626573019L, 
805348665L, 1149767816L, 109381686L, -1322144655L, 452449955L, 
-628139022L, -1404125372L, 1873489927L, -332567075L, 1087265492L, 
-1266522630L, -1818785467L, 178621855L, 911847206L, -1439137872L, 
235248723L, 1065572209L, 511209120L, 625406526L, -1143088823L, 
-187316229L, -1727853622L, 2052662572L, 213031215L, -1348450331L, 
1478989468L, -2005155086L, 263283565L, 332364967L, 148690638L, 
1107127336L, 720080939L, -1783365047L, -1801524392L, -1372232186L, 
1562652641L, 1044471155L, 409564642L, -1942898348L, -1694422953L, 
1043616845L, -131045404L, 320730570L, -555426763L, -254100849L, 
-1026935914L, -8208576L, -1597959677L, 1239050273L, -73776368L, 
181330158L, -1804631911L, -1358322389L, -1821041638L, -1889407268L, 
1359546079L, 2100981941L, 804877900L, -997238110L, 1040204285L, 
-383300873L, 610475038L, -1363847464L, -1505392069L, 1987094489L, 
2097605992L, 1356192918L, 1695898129L, 491492291L, 2090053586L, 
509028964L, 2072111527L, -1502836995L, -779058444L, -44677670L, 
-1870178011L, 488210495L, 369180614L, 387015760L, 1978239091L, 
1582435473L, -748999488L, -276488546L, 1259549289L, -292900197L, 
2105966506L, -2053174324L, -1143896433L, 1416894149L, -1745641860L, 
-1142492462L, 330462797L, -1183950073L, -897147154L, 686283720L, 
-251433781L, 663377193L, 783234424L, 850520742L, -1396044607L, 
937356627L, -506320382L, -1159449804L, 1492983991L, 159402157L, 
-880757308L, -488339990L, 1064131157L, -511187985L, -431356938L, 
-1498303200L, -428975389L, -394380415L, -1405608464L, 1750942862L, 
-1686762503L, 683338123L, -527042932L, 1378494236L, 1926295698L, 
-1868932736L, 804285972L, 2031488808L, 649404986L, -637504048L, 
410401132L, 302019508L, -632514542L, -185319968L, -1032351796L, 
354103520L, -1921636318L, -1465720536L, 429489676L, 948748092L, 
-1388360718L, -2016957712L, 769648196L, -1257135528L, -905502918L, 
-1793329680L, -878965060L, -897709804L, -878556478L, -2134516640L, 
-1117924484L, 413968336L, -1964506846L, 1190894248L, 750965644L, 
-802199364L, 1201788722L, 1128061504L, 1168942260L, 1898605128L, 
-2137428550L, 1692121616L, -1850352916L, -1788376748L, -1699639022L, 
1873808800L, -1365914932L, -1080185248L, 1467211714L, -1698107608L, 
700104620L, -2146954436L, -432768654L, 1265716016L, -1816439516L, 
-679728328L, -1053251878L, -1857896560L, -2118951172L, -72936556L, 
-596965310L, 1627288832L, 382653500L, -1475325616L, 1242126498L, 
-775624376L, -34773236L, -1475902756L, -34747054L, 1995902080L, 
1950736468L, 284514280L, -545996550L, 806603600L, -874721492L, 
1889986932L, 2032073618L, 879347808L, -365423220L, -361305248L, 
-338765342L, 1982466984L, -1616552756L, -204625924L, 1010267570L, 
859835888L, 604588996L, -1610887848L, -1637297798L, -2063242320L, 
990073276L, -1073264556L, 309067714L, -1679435744L, 775583932L, 
-405921200L, -7365662L, 197372008L, -334934964L, 1610365180L, 
-264926222L, -724211456L, -462610060L, -1778625528L, 281698234L, 
1853575632L, -1524671508L, -704214636L, 255734226L, 772280672L, 
1961799500L, -1469777632L, 1713104770L, -982364440L, 2045599980L, 
1425019964L, 805968754L, 486901360L, -686658524L, -439180488L, 
-664679270L, -1089328432L, -1819840324L, 485731988L, 84590210L, 
-2024769344L, -1464898756L, -2069906288L, 1380453922L, -540909560L, 
1006691596L, 22377628L, -1194422766L, 1586478976L, 1389487636L, 
-1088683480L, -1400644294L, -1408208432L, -2101027732L, -124888780L, 
214318738L, -986721440L, 180740940L, -1726625824L, -852256862L, 
277653416L, -2018722420L, -3649348L, 1510412658L, -1421464336L, 
-23949244L, 2093230424L, 280702522L, 766298992L, 1732773948L, 
56342292L, -910217790L, 764711648L, -1929773188L, 100196048L, 
2065895586L, 1475728424L, 1648874764L, 1847177148L, -712380110L, 
995897792L, -1501009356L, -123305016L, 341029050L, -24163952L, 
-854562324L, -630326700L, -2951022L, -229091552L, -486936116L, 
465368544L, 442115778L, -1547920344L, 793541292L, -576133956L, 
1667330546L, -1113620176L, 195984548L, -94671176L, -1568182950L, 
521280912L, -259622020L, 672755988L, 2035454786L, -57574656L, 
518727612L, -635017392L, 64365346L, 1118491976L, -835341812L, 
-841738148L, -242367278L, -724917760L, -2008083116L, 488047080L, 
1557883898L, 1440305360L, -2103939796L, -767638796L, -482778734L, 
1407603808L, 1960201484L, 120222432L, 1163546978L, -1028539736L, 
295838284L, 1429698940L, 317291826L, 1223561328L, -1255182524L, 
-1810946600L, 53329018L, 1159396912L, -1334095172L, -1189009580L, 
-1209252798L, 1814347168L, -1598969156L, 272028112L, -632732318L, 
871731176L, 2033532876L, 944879356L, 562452978L, 1385509814L, 
1266857812L, -2142277147L, -673543185L, -1694500056L, 1033857926L, 
-1083316301L, -398872811L, -2108966542L, 668151232L, 935767593L, 
-2135940453L, 886983532L, 514814842L, 1578921135L, -1554335815L, 
-935173682L, 2013889820L, 1559548045L, -1092207369L, -1101191168L, 
-2099156386L, 519165227L, -1899452883L, 1171119770L, -1761158568L, 
493024705L, -619005325L, 880007060L, 49284642L, 565725495L, 139958273L, 
-1958488826L, -1728990908L, -606649227L, 844457439L, -324234952L, 
1539435286L, 1276609315L, 1232218341L, 1217099010L, -1619363984L, 
497645337L, 1373822731L, 405609468L, -121980886L, -2101087137L, 
-1338909719L, -1253309186L, -23397140L, 1050366013L, 618890247L, 
385834992L, -1617740914L, 1137674683L, -674453603L, 1471481162L, 
-2013835928L, 88695633L, 1270452291L, -1145071292L, -1658228238L, 
-183979065L, -618297967L, 822212886L, -455509644L, 2014998533L, 
1333872719L, -414200760L, 1378197990L, 1436405523L, 1369548917L, 
1020475986L, 1331403936L, -1294903927L, 1889654203L, 1756340748L, 
-747721830L, 1182061327L, 1995186521L, 526545902L, -1515332996L, 
-1440990483L, 1074638231L, -1682680224L, -1187152834L, 1390697739L, 
-1415405683L, -1171698502L, -2072671496L, -1390948191L, -1931926445L, 
-970442892L, -1754802942L, 914038167L, 1420511073L, 523379622L, 
1390988708L, 380163157L, -479786753L, 934608280L, -308701514L, 
-555976893L, 119216773L, 1834176290L, -497333232L, -510369863L, 
527962219L, -365986980L, -212387190L, -769784193L, -728139831L, 
-461259682L, 1588197132L, -1799948579L, 849055719L, 1069253648L, 
-1385101010L, 1705061851L, -851524931L, 348088362L, 1362645192L, 
-1163700751L, -69545117L, 12739428L, -1245406574L, -2018691225L, 
-334698191L, -409169290L, 1740223380L, 427358117L, 887466159L, 
-91642520L, -221649594L, 1844675827L, -1985004971L, 658921010L, 
-1029393408L, -1169090327L, -784748709L, -448386644L, -466593350L, 
717178735L, 947452153L, 226262414L, -316444580L, -1260711219L, 
